"1679780339769","post","620","201"
"1679780340390","post","8","201"
"1679780340399","post","6","201"
"1679780340406","post","3","201"
"1679780340410","post","2","201"
"1679780340412","post","9","201"
"1679780340421","post","4","201"
"1679780340425","post","4","201"
"1679780340429","post","5","201"
"1679780340434","post","5","201"
"1679780340439","post","6","201"
"1679780340446","post","4","201"
"1679780340450","post","3","201"
"1679780340453","post","3","201"
"1679780340456","post","3","201"
"1679780340459","post","4","201"
"1679780340463","post","3","201"
"1679780340466","post","4","201"
"1679780340470","post","3","201"
"1679780340474","post","5","201"
"1679780340479","post","6","201"
"1679780340486","post","5","201"
"1679780340491","post","8","201"
"1679780340499","post","8","201"
"1679780340507","post","5","201"
"1679780340512","post","5","201"
"1679780340517","post","4","201"
"1679780340521","post","3","201"
"1679780340524","post","24","201"
"1679780340548","post","8","201"
"1679780340556","post","4","201"
"1679780340560","post","3","201"
"1679780340563","post","4","201"
"1679780340567","post","2","201"
"1679780340569","post","3","201"
"1679780340572","post","2","201"
"1679780340574","post","3","201"
"1679780340577","post","4","201"
"1679780340581","post","2","201"
"1679780340583","post","3","201"
"1679780340586","post","5","201"
"1679780340592","post","8","201"
"1679780340601","post","5","201"
"1679780340606","post","4","201"
"1679780340610","post","3","201"
"1679780340613","post","3","201"
"1679780340616","post","5","201"
"1679780340621","post","3","201"
"1679780340625","post","4","201"
"1679780340630","post","9","201"
"1679780340639","post","4","201"
"1679780340644","post","4","201"
"1679780340648","post","7","201"
"1679780340655","post","4","201"
"1679780340659","post","3","201"
"1679780340663","post","3","201"
"1679780340666","post","4","201"
"1679780340670","post","4","201"
"1679780340674","post","4","201"
"1679780340678","post","4","201"
"1679780340682","post","3","201"
"1679780340685","post","4","201"
"1679780340689","post","4","201"
"1679780340693","post","5","201"
"1679780340698","post","6","201"
"1679780340704","post","3","201"
"1679780340707","post","2","201"
"1679780340709","post","3","201"
"1679780340712","post","2","201"
"1679780340714","post","2","201"
"1679780340716","post","3","201"
"1679780340719","post","2","201"
"1679780340721","post","3","201"
"1679780340724","post","2","201"
"1679780340726","post","2","201"
"1679780340728","post","2","201"
"1679780340730","post","2","201"
"1679780340732","post","3","201"
"1679780340735","post","4","201"
"1679780340739","post","3","201"
"1679780340742","post","3","201"
"1679780340745","post","2","201"
"1679780340747","post","3","201"
"1679780340750","post","4","201"
"1679780340754","post","3","201"
"1679780340757","post","5","201"
"1679780340763","post","5","201"
"1679780340769","post","3","201"
"1679780340772","post","2","201"
"1679780340774","post","3","201"
"1679780340777","post","2","201"
"1679780340779","post","3","201"
"1679780340782","post","3","201"
"1679780340785","post","3","201"
"1679780340788","post","2","201"
"1679780340790","post","2","201"
"1679780340792","post","6","201"
"1679780340798","post","3","201"
"1679780340801","post","2","201"
"1679780340803","post","3","201"
"1679780340807","post","3","201"
"1679780340810","post","5","201"
"1679780340815","post","5","201"
"1679780340820","post","4","201"
"1679780340824","post","3","201"
"1679780340827","post","3","201"
"1679780340831","post","3","201"
"1679780340834","post","4","201"
"1679780340838","post","3","201"
"1679780340841","post","2","201"
"1679780340843","post","3","201"
"1679780340846","post","3","201"
"1679780340849","post","2","201"
"1679780340851","post","2","201"
"1679780340853","post","4","201"
"1679780340857","post","3","201"
"1679780340860","post","3","201"
"1679780340863","post","3","201"
"1679780340866","post","2","201"
"1679780340868","post","4","201"
"1679780340872","post","4","201"
"1679780340876","post","4","201"
"1679780340880","post","7","201"
"1679780340887","post","4","201"
"1679780340891","post","3","201"
"1679780340894","post","5","201"
"1679780340899","post","4","201"
"1679780340903","post","9","201"
"1679780340913","post","15","201"
"1679780340928","post","6","201"
"1679780340934","post","4","201"
"1679780340938","post","2","201"
"1679780340940","post","2","201"
"1679780340942","post","3","201"
"1679780340945","post","2","201"
"1679780340947","post","2","201"
"1679780340949","post","2","201"
"1679780340951","post","2","201"
"1679780340953","post","2","201"
"1679780340955","post","4","201"
"1679780340959","post","3","201"
"1679780340962","post","2","201"
"1679780340964","post","2","201"
"1679780340966","post","3","201"
"1679780340969","post","2","201"
"1679780340971","post","2","201"
"1679780340973","post","3","201"
"1679780340976","post","10","201"
"1679780340986","post","2","201"
"1679780340988","post","2","201"
"1679780340990","post","2","201"
"1679780340992","post","3","201"
"1679780340995","post","3","201"
"1679780340998","post","4","201"
"1679780341002","post","1071","201"
"1679780342073","post","13","201"
"1679780342086","post","2","201"
"1679780342088","post","2","201"
"1679780342090","post","3","201"
"1679780342093","post","3","201"
"1679780342096","post","3","201"
"1679780342099","post","4","201"
"1679780342103","post","2","201"
"1679780342105","post","4","201"
"1679780342109","post","3","201"
"1679780342112","post","3","201"
"1679780342115","post","2","201"
"1679780342117","post","4","201"
"1679780342122","post","2","201"
"1679780342124","post","3","201"
"1679780342127","post","2","201"
"1679780342129","post","5","201"
"1679780342134","post","3","201"
"1679780342137","post","3","201"
"1679780342140","post","2","201"
"1679780342142","post","3","201"
"1679780342145","post","5","201"
"1679780342150","post","3","201"
"1679780342153","post","2","201"
"1679780342155","post","3","201"
"1679780342158","post","2","201"
"1679780342160","post","3","201"
"1679780342163","post","3","201"
"1679780342166","post","3","201"
"1679780342169","post","3","201"
"1679780342172","post","2","201"
"1679780342174","post","5","201"
"1679780342179","post","5","201"
"1679780342184","post","3","201"
"1679780342187","post","3","201"
"1679780342190","post","3","201"
"1679780342193","post","4","201"
"1679780342197","post","15","201"
"1679780342212","post","4","201"
"1679780342216","post","4","201"
"1679780342220","post","4","201"
"1679780342224","post","2","201"
"1679780342226","post","2","201"
"1679780342228","post","2","201"
"1679780342230","post","3","201"
"1679780342233","post","10","201"
"1679780342243","post","6","201"
"1679780342249","post","2","201"
"1679780342251","post","3","201"
"1679780342254","post","2","201"
"1679780342256","post","5","201"
"1679780342261","post","3","201"
"1679780342264","post","4","201"
"1679780342268","post","2","201"
"1679780342270","post","2","201"
"1679780342272","post","3","201"
"1679780342275","post","2","201"
"1679780342277","post","4","201"
"1679780342281","post","2","201"
"1679780342283","post","3","201"
"1679780342286","post","3","201"
"1679780342289","post","2","201"
"1679780342291","post","3","201"
"1679780342294","post","4","201"
"1679780342298","post","3","201"
"1679780342301","post","6","201"
"1679780342307","post","3","201"
"1679780342310","post","4","201"
"1679780342314","post","3","201"
"1679780342317","post","4","201"
"1679780342321","post","3","201"
"1679780342324","post","5","201"
"1679780342329","post","3","201"
"1679780342332","post","3","201"
"1679780342335","post","5","201"
"1679780342340","post","3","201"
"1679780342343","post","3","201"
"1679780342346","post","2","201"
"1679780342348","post","3","201"
"1679780342351","post","3","201"
"1679780342354","post","9","201"
"1679780342363","post","6","201"
"1679780342369","post","5","201"
"1679780342374","post","3","201"
"1679780342377","post","3","201"
"1679780342380","post","3","201"
"1679780342383","post","3","201"
"1679780342386","post","2","201"
"1679780342388","post","3","201"
"1679780342391","post","2","201"
"1679780342393","post","2","201"
"1679780342395","post","4","201"
"1679780342399","post","3","201"
"1679780342402","post","2","201"
"1679780342404","post","2","201"
"1679780342406","post","2","201"
"1679780342408","post","2","201"
"1679780342410","post","2","201"
"1679780342412","post","2","201"
"1679780342414","post","4","201"
"1679780342418","post","5","201"
"1679780342423","post","10","201"
"1679780342434","post","4","201"
"1679780342438","post","3","201"
"1679780342441","post","5","201"
"1679780342446","post","3","201"
"1679780342449","post","5","201"
"1679780342454","post","3","201"
"1679780342457","post","2","201"
"1679780342459","post","2","201"
"1679780342461","post","2","201"
"1679780342463","post","3","201"
"1679780342466","post","2","201"
"1679780342468","post","2","201"
"1679780342470","post","2","201"
"1679780342472","post","2","201"
"1679780342474","post","2","201"
"1679780342476","post","2","201"
"1679780342478","post","3","201"
"1679780342481","post","2","201"
"1679780342483","post","2","201"
"1679780342485","post","3","201"
"1679780342488","post","4","201"
"1679780342492","post","11","201"
"1679780342503","post","5","201"
"1679780342508","post","3","201"
"1679780342511","post","5","201"
"1679780342516","post","8","201"
"1679780342524","post","7","201"
"1679780342531","post","6","201"
"1679780342537","post","5","201"
"1679780342542","post","4","201"
"1679780342546","post","3","201"
"1679780342549","post","4","201"
"1679780342553","post","3","201"
"1679780342556","post","3","201"
"1679780342559","post","9","201"
"1679780342568","post","4","201"
"1679780342572","post","5","201"
"1679780342578","post","2","201"
"1679780342580","post","2","201"
"1679780342582","post","2","201"
"1679780342584","post","3","201"
"1679780342587","post","2","201"
"1679780342589","post","3","201"
"1679780342592","post","3","201"
"1679780342595","post","6","201"
"1679780342601","post","2","201"
"1679780342603","post","3","201"
"1679780342606","post","2","201"
"1679780342608","post","2","201"
"1679780342610","post","2","201"
"1679780342612","post","2","201"
"1679780342614","post","3","201"
"1679780342617","post","7","201"
"1679780342624","post","5","201"
"1679780342629","post","2","201"
"1679780342631","post","2","201"
"1679780342633","post","3","201"
"1679780342636","post","3","201"
"1679780342639","post","2","201"
"1679780342641","post","2","201"
"1679780342643","post","2","201"
"1679780342645","post","2","201"
"1679780342647","post","3","201"
"1679780342650","post","12","201"
"1679780342662","post","4","201"
"1679780342666","post","2","201"
"1679780342668","post","3","201"
"1679780342671","post","2","201"
"1679780342673","post","2","201"
"1679780342675","post","2","201"
"1679780342677","post","3","201"
"1679780342680","post","2","201"
"1679780342682","post","3","201"
"1679780342685","post","3","201"
"1679780342688","post","2","201"
"1679780342690","post","3","201"
"1679780342693","post","2","201"
"1679780342695","post","5","201"
"1679780342700","post","3","201"
"1679780342703","post","3","201"
"1679780342706","post","3","201"
"1679780342709","post","2","201"
"1679780342711","post","3","201"
"1679780342714","post","3","201"
"1679780342717","post","3","201"
"1679780342720","post","11","201"
"1679780342731","post","3","201"
"1679780342734","post","2","201"
"1679780342736","post","2","201"
"1679780342738","post","4","201"
"1679780342742","post","2","201"
"1679780342744","post","2","201"
"1679780342746","post","2","201"
"1679780342748","post","3","201"
"1679780342751","post","2","201"
"1679780342753","post","8","201"
"1679780342761","post","3","201"
"1679780342764","post","2","201"
"1679780342766","post","3","201"
"1679780342769","post","3","201"
"1679780342772","post","12","201"
"1679780342784","post","4","201"
"1679780342788","post","2","201"
"1679780342790","post","2","201"
"1679780342792","post","2","201"
"1679780342794","post","2","201"
"1679780342796","post","3","201"
"1679780342799","post","2","201"
"1679780342801","post","2","201"
"1679780342803","post","2","201"
"1679780342805","post","2","201"
"1679780342807","post","2","201"
"1679780342809","post","2","201"
"1679780342811","post","2","201"
"1679780342813","post","1","201"
"1679780342814","post","2","201"
"1679780342816","post","2","201"
"1679780342818","post","3","201"
"1679780342821","post","2","201"
"1679780342824","post","2","201"
"1679780342826","post","5","201"
"1679780342831","post","5","201"
"1679780342836","post","5","201"
"1679780342842","post","2","201"
"1679780342844","post","2","201"
"1679780342846","post","2","201"
"1679780342848","post","2","201"
"1679780342850","post","10","201"
"1679780342860","post","6","201"
"1679780342866","post","3","201"
"1679780342869","post","2","201"
"1679780342871","post","3","201"
"1679780342874","post","2","201"
"1679780342876","post","3","201"
"1679780342879","post","2","201"
"1679780342881","post","2","201"
"1679780342883","post","1","201"
"1679780342884","post","2","201"
"1679780342886","post","2","201"
"1679780342888","post","2","201"
"1679780342890","post","3","201"
"1679780342893","post","2","201"
"1679780342895","post","3","201"
"1679780342898","post","3","201"
"1679780342901","post","7","201"
"1679780342908","post","3","201"
"1679780342911","post","3","201"
"1679780342914","post","4","201"
"1679780342918","post","4","201"
"1679780342922","post","2","201"
"1679780342924","post","3","201"
"1679780342927","post","2","201"
"1679780342929","post","2","201"
"1679780342931","post","3","201"
"1679780342934","post","2","201"
"1679780342936","post","3","201"
"1679780342939","post","2","201"
"1679780342941","post","2","201"
"1679780342943","post","2","201"
"1679780342946","post","2","201"
"1679780342948","post","2","201"
"1679780342950","post","2","201"
"1679780342952","post","2","201"
"1679780342954","post","2","201"
"1679780342956","post","2","201"
"1679780342958","post","3","201"
"1679780342961","post","2","201"
"1679780342963","post","2","201"
"1679780342965","post","3","201"
"1679780342968","post","2","201"
"1679780342970","post","3","201"
"1679780342973","post","3","201"
"1679780342976","post","3","201"
"1679780342979","post","3","201"
"1679780342982","post","2","201"
"1679780342984","post","2","201"
"1679780342986","post","3","201"
"1679780342989","post","2","201"
"1679780342991","post","2","201"
"1679780342993","post","2","201"
"1679780342995","post","8","201"
"1679780343003","post","6","201"
"1679780343009","post","3","201"
"1679780343012","post","4","201"
"1679780343016","post","4","201"
"1679780343020","post","3","201"
"1679780343023","post","2","201"
"1679780343025","post","2","201"
"1679780343027","post","2","201"
"1679780343029","post","3","201"
"1679780343032","post","2","201"
"1679780343034","post","3","201"
"1679780343037","post","12","201"
"1679780343049","post","3","201"
"1679780343052","post","4","201"
"1679780343056","post","4","201"
"1679780343060","post","3","201"
"1679780343063","post","2","201"
"1679780343065","post","4","201"
"1679780343069","post","3","201"
"1679780343072","post","1","201"
"1679780343073","post","2","201"
"1679780343075","post","3","201"
"1679780343078","post","2","201"
"1679780343080","post","2","201"
"1679780343082","post","3","201"
"1679780343085","post","5","201"
"1679780343090","post","4","201"
"1679780343094","post","2","201"
"1679780343096","post","4","201"
"1679780343100","post","3","201"
"1679780343103","post","3","201"
"1679780343106","post","4","201"
"1679780343110","post","4","201"
"1679780343114","post","4","201"
"1679780343118","post","3","201"
"1679780343121","post","3","201"
"1679780343124","post","3","201"
"1679780343127","post","6","201"
"1679780343133","post","10","201"
"1679780343143","post","4","201"
"1679780343147","post","3","201"
"1679780343150","post","2","201"
"1679780343152","post","2","201"
"1679780343154","post","2","201"
"1679780343156","post","4","201"
"1679780343160","post","4","201"
"1679780343164","post","4","201"
"1679780343168","post","3","201"
"1679780343171","post","2","201"
"1679780343173","post","3","201"
"1679780343176","post","2","201"
"1679780343179","post","2","201"
"1679780343181","post","1","201"
"1679780343182","post","3","201"
"1679780343185","post","2","201"
"1679780343187","post","2","201"
"1679780343189","post","2","201"
"1679780343191","post","2","201"
"1679780343193","post","11","201"
"1679780343204","post","6","201"
"1679780343210","post","4","201"
"1679780343214","post","2","201"
