"1680303462358","get","352","404"
"1680303462710","get","92","404"
"1680303462802","get","72","404"
"1680303462874","get","50","404"
"1680303462924","get","56","404"
"1680303463457","get","71","404"
"1680303463528","get","56","404"
"1680303463584","get","429","404"
"1680303464013","get","215","404"
"1680303464228","get","125","404"
"1680303464462","get","57","404"
"1680303464519","get","96","404"
"1680303464615","get","54","404"
"1680303464669","get","55","404"
"1680303464724","get","140","404"
"1680303465467","get","201","404"
"1680303465668","get","83","404"
"1680303465751","get","60","404"
"1680303465811","get","55","404"
"1680303465866","get","54","404"
"1680303466472","get","152","404"
"1680303466624","get","92","404"
"1680303466716","get","56","404"
"1680303466772","get","100","404"
"1680303466872","get","179","404"
"1680303467477","get","148","404"
"1680303467625","get","30","404"
"1680303467655","get","186","404"
"1680303467841","get","25","404"
"1680303467866","get","31","404"
"1680303468483","get","25","404"
"1680303468508","get","89","404"
"1680303468597","get","112","404"
"1680303468709","get","233","404"
"1680303468942","get","139","404"
"1680303469489","get","211","404"
"1680303469700","get","200","404"
"1680303469900","get","141","404"
"1680303470041","get","85","404"
"1680303470126","get","87","404"
"1680303470493","get","142","404"
"1680303470635","get","154","404"
"1680303470789","get","131","404"
"1680303470920","get","31","404"
"1680303470951","get","167","404"
"1680303471498","get","121","404"
"1680303471619","get","53","404"
"1680303471672","get","188","404"
"1680303471860","get","557","200"
"1680303472418","get","94","200"
"1680303472512","get","52","200"
"1680303472564","get","95","200"
"1680303472659","get","135","404"
"1680303472794","get","74","404"
"1680303472868","get","74","404"
"1680303473517","get","146","404"
"1680303473663","get","87","200"
"1680303473750","get","60","404"
"1680303473810","get","73","200"
"1680303473883","get","70","200"
"1680303474519","get","58","200"
"1680303474577","get","653","200"
"1680303475230","get","594","404"
"1680303475824","get","485","404"
"1680303476309","get","89","200"
"1680303476398","get","126","404"
"1680303476524","get","382","200"
"1680303476906","get","241","200"
"1680303477147","get","53","200"
"1680303477200","get","27","404"
"1680303477399","get","96","200"
"1680303477495","get","115","200"
"1680303477610","get","49","200"
"1680303477659","get","64","200"
"1680303477723","get","37","200"
"1680303478400","get","34","200"
"1680303478434","get","58","200"
"1680303478492","get","44","200"
"1680303478536","get","58","200"
"1680303478594","get","32","200"
"1680303479403","get","51","200"
"1680303479454","get","39","200"
"1680303479493","get","49","404"
"1680303479542","get","43","200"
"1680303479585","get","54","404"
"1680303480406","get","50","200"
"1680303480456","get","56","200"
"1680303480512","get","51","200"
"1680303480563","get","32","200"
"1680303480595","get","61","200"
"1680303481412","get","37","200"
"1680303481449","get","56","200"
"1680303481505","get","31","200"
"1680303481536","get","28","200"
"1680303481564","get","33","200"
"1680303482415","get","44","200"
"1680303482459","get","44","200"
"1680303482503","get","38","200"
"1680303482541","get","34","200"
"1680303482575","get","37","200"
"1680303483420","get","28","200"
"1680303483448","get","81","200"
"1680303483530","get","25","200"
"1680303483555","get","154","200"
"1680303483709","get","39","200"
"1680303484422","get","39","200"
"1680303484461","get","41","200"
"1680303484502","get","44","200"
"1680303484546","get","38","200"
"1680303484584","get","35","200"
"1680303485512","get","72","200"
"1680303485584","get","34","200"
"1680303485618","get","36","200"
"1680303485654","get","36","200"
"1680303485690","get","39","200"
"1680303486513","get","50","200"
"1680303486563","get","42","200"
"1680303486605","get","38","200"
"1680303486643","get","34","200"
"1680303486677","get","109","200"
"1680303487516","get","95","200"
"1680303487611","get","18","200"
"1680303487629","get","84","200"
"1680303487713","get","32","200"
"1680303487745","get","33","200"
"1680303488521","get","67","200"
"1680303488588","get","39","200"
"1680303488627","get","31","200"
"1680303488658","get","31","200"
"1680303488689","get","52","200"
"1680303489523","get","37","200"
"1680303489560","get","38","200"
"1680303489598","get","40","200"
"1680303489638","get","83","200"
"1680303489721","get","26","200"
"1680303490528","get","59","200"
"1680303490587","get","59","200"
"1680303490646","get","52","200"
"1680303490698","get","48","200"
"1680303490746","get","57","200"
"1680303491531","get","50","200"
"1680303491581","get","45","200"
"1680303491626","get","90","200"
"1680303491716","get","46","200"
"1680303491762","get","41","200"
"1680303492536","get","39","200"
"1680303492575","get","35","200"
"1680303492610","get","34","200"
"1680303492644","get","37","200"
"1680303492681","get","38","200"
"1680303493541","get","39","200"
"1680303493580","get","39","200"
"1680303493619","get","32","200"
"1680303493651","get","87","200"
"1680303493738","get","22","200"
"1680303494544","get","37","200"
"1680303494581","get","39","200"
"1680303494620","get","29","200"
"1680303494649","get","37","200"
"1680303494686","get","39","200"
"1680303495547","get","43","200"
"1680303495590","get","32","200"
"1680303495622","get","39","200"
"1680303495661","get","42","200"
"1680303495703","get","32","200"
"1680303496548","get","33","200"
"1680303496581","get","86","200"
"1680303496667","get","55","200"
"1680303496722","get","39","200"
"1680303496761","get","34","200"
"1680303497550","get","34","200"
"1680303497584","get","24","200"
"1680303497608","get","36","200"
"1680303497644","get","36","200"
"1680303497680","get","39","200"
"1680303498555","get","44","200"
"1680303498599","get","84","200"
"1680303498683","get","40","200"
"1680303498723","get","98","200"
"1680303498821","get","49","200"
"1680303499556","get","35","200"
"1680303499591","get","46","200"
"1680303499637","get","35","200"
"1680303499672","get","46","200"
"1680303499718","get","40","200"
"1680303500562","get","31","200"
"1680303500593","get","49","200"
"1680303500642","get","40","200"
"1680303500682","get","35","200"
"1680303500717","get","30","200"
"1680303501566","get","39","200"
"1680303501605","get","91","200"
"1680303501696","get","56","200"
"1680303501752","get","36","200"
"1680303501788","get","34","200"
"1680303502572","get","27","200"
"1680303502599","get","33","200"
"1680303502632","get","30","200"
"1680303502662","get","22","200"
"1680303502684","get","30","200"
"1680303503577","get","31","200"
"1680303503608","get","22","200"
"1680303503630","get","25","200"
"1680303503655","get","34","200"
"1680303503689","get","30","200"
"1680303504581","get","60","200"
"1680303504641","get","35","200"
"1680303504676","get","28","200"
"1680303504704","get","29","200"
"1680303504733","get","105","200"
"1680303505582","get","32","200"
"1680303505614","get","47","200"
"1680303505661","get","42","200"
"1680303505703","get","43","200"
"1680303505746","get","39","200"
"1680303506583","get","47","200"
"1680303506630","get","39","200"
"1680303506669","get","37","200"
"1680303506706","get","41","200"
"1680303506747","get","48","200"
"1680303507584","get","43","200"
"1680303507627","get","59","200"
"1680303507686","get","44","200"
"1680303507730","get","38","200"
"1680303507768","get","37","200"
"1680303508586","get","37","200"
"1680303508623","get","43","200"
"1680303508666","get","39","200"
"1680303508705","get","31","200"
"1680303508736","get","34","200"
"1680303509588","get","63","200"
"1680303509651","get","47","200"
"1680303509698","get","36","200"
"1680303509734","get","29","200"
"1680303509763","get","44","200"
"1680303510590","get","50","200"
"1680303510640","get","40","200"
"1680303510680","get","34","200"
"1680303510714","get","37","200"
"1680303510751","get","109","200"
"1680303511591","get","41","200"
"1680303511632","get","46","200"
"1680303511678","get","34","200"
"1680303511712","get","35","200"
"1680303511747","get","33","200"
"1680303512596","get","41","200"
"1680303512637","get","33","200"
"1680303512670","get","34","200"
"1680303512704","get","30","200"
"1680303512734","get","32","200"
"1680303513603","get","99","200"
"1680303513702","get","33","200"
"1680303513735","get","34","200"
"1680303513769","get","27","200"
"1680303513796","get","29","200"
"1680303514603","get","52","200"
"1680303514655","get","57","200"
"1680303514712","get","44","200"
"1680303514756","get","45","200"
"1680303514801","get","38","200"
"1680303515610","get","38","200"
"1680303515648","get","43","200"
"1680303515691","get","87","200"
"1680303515778","get","95","200"
"1680303515873","get","49","200"
"1680303516612","get","49","200"
"1680303516661","get","47","200"
"1680303516708","get","42","200"
"1680303516750","get","41","200"
"1680303516791","get","40","200"
"1680303517616","get","54","200"
"1680303517670","get","38","200"
"1680303517708","get","49","200"
"1680303517757","get","44","200"
"1680303517801","get","47","200"
"1680303518621","get","152","200"
"1680303518773","get","38","200"
"1680303518811","get","40","200"
"1680303518851","get","47","200"
"1680303518898","get","37","200"
"1680303519623","get","36","200"
"1680303519659","get","32","200"
"1680303519691","get","36","200"
"1680303519727","get","38","200"
"1680303519765","get","37","200"
"1680303520629","get","45","200"
"1680303520674","get","45","200"
"1680303520719","get","44","200"
"1680303520763","get","35","200"
"1680303520798","get","94","200"
"1680303521631","get","57","200"
"1680303521688","get","35","200"
"1680303521723","get","41","200"
"1680303521764","get","39","200"
"1680303521803","get","43","200"
"1680303522634","get","35","200"
"1680303522669","get","53","200"
"1680303522722","get","50","200"
"1680303522772","get","37","200"
"1680303522809","get","39","200"
"1680303523639","get","74","200"
"1680303523713","get","16","200"
"1680303523729","get","116","200"
"1680303523845","get","29","200"
"1680303523874","get","32","200"
"1680303524641","get","40","200"
"1680303524681","get","44","200"
"1680303524725","get","61","200"
"1680303524786","get","51","200"
"1680303524837","get","70","200"
"1680303525643","get","39","200"
"1680303525682","get","81","200"
"1680303525763","get","130","200"
"1680303525893","get","34","200"
"1680303525927","get","36","200"
"1680303526648","get","42","200"
"1680303526690","get","37","200"
"1680303526727","get","58","200"
"1680303526785","get","48","200"
"1680303526833","get","33","200"
"1680303527653","get","46","200"
"1680303527699","get","47","200"
"1680303527746","get","91","200"
"1680303527837","get","63","200"
"1680303527900","get","37","200"
"1680303528658","get","67","200"
"1680303528725","get","23","200"
"1680303528748","get","61","200"
"1680303528809","get","44","200"
"1680303528853","get","28","200"
"1680303529658","get","51","200"
"1680303529709","get","46","200"
"1680303529755","get","40","200"
"1680303529795","get","42","200"
"1680303529837","get","49","200"
"1680303530663","get","65","200"
"1680303530728","get","47","200"
"1680303530775","get","39","200"
"1680303530814","get","37","200"
"1680303530851","get","47","200"
"1680303531664","get","54","200"
"1680303531718","get","37","200"
"1680303531755","get","64","200"
"1680303531819","get","38","200"
"1680303531857","get","51","200"
"1680303532664","get","38","200"
"1680303532702","get","38","200"
"1680303532740","get","36","200"
"1680303532776","get","38","200"
"1680303532814","get","57","200"
"1680303533670","get","31","200"
"1680303533701","get","37","200"
"1680303533738","get","33","200"
"1680303533771","get","38","200"
"1680303533809","get","31","200"
"1680303534675","get","41","200"
"1680303534716","get","39","200"
"1680303534755","get","84","200"
"1680303534839","get","37","200"
"1680303534876","get","31","200"
"1680303535676","get","38","200"
"1680303535714","get","53","200"
"1680303535767","get","74","200"
"1680303535841","get","37","200"
"1680303535878","get","48","200"
"1680303536677","get","132","200"
"1680303536809","get","387","200"
"1680303537196","get","141","200"
"1680303537337","get","53","200"
"1680303537390","get","60","200"
"1680303537682","get","48","200"
"1680303537730","get","40","200"
"1680303537770","get","37","200"
"1680303537807","get","42","200"
"1680303537849","get","38","200"
"1680303538684","get","48","200"
"1680303538732","get","36","200"
"1680303538768","get","45","200"
"1680303538813","get","44","200"
"1680303538857","get","45","200"
"1680303539684","get","32","200"
"1680303539716","get","27","200"
"1680303539743","get","28","200"
"1680303539771","get","31","200"
"1680303539802","get","41","200"
"1680303540689","get","44","200"
"1680303540733","get","140","200"
"1680303540873","get","56","200"
"1680303540929","get","38","200"
"1680303540967","get","40","200"
"1680303541691","get","49","200"
"1680303541740","get","50","200"
"1680303541790","get","40","200"
"1680303541830","get","42","200"
"1680303541872","get","38","200"
"1680303542692","get","39","200"
"1680303542731","get","43","200"
"1680303542774","get","42","200"
"1680303542816","get","42","200"
"1680303542858","get","23","200"
"1680303543693","get","72","200"
"1680303543765","get","36","200"
"1680303543801","get","50","200"
"1680303543851","get","44","200"
"1680303543895","get","48","200"
"1680303544699","get","35","200"
"1680303544734","get","30","200"
"1680303544764","get","39","200"
"1680303544803","get","28","200"
"1680303544831","get","134","200"
"1680303545702","get","44","200"
"1680303545746","get","44","200"
"1680303545790","get","47","200"
"1680303545837","get","36","200"
"1680303545873","get","39","200"
"1680303546705","get","46","200"
"1680303546751","get","34","200"
"1680303546785","get","36","200"
"1680303546821","get","41","200"
"1680303546862","get","35","200"
"1680303547710","get","40","200"
"1680303547750","get","70","200"
"1680303547820","get","58","200"
"1680303547878","get","37","200"
"1680303547915","get","40","200"
"1680303548715","get","36","200"
"1680303548751","get","38","200"
"1680303548789","get","39","200"
"1680303548828","get","37","200"
"1680303548865","get","36","200"
"1680303549721","get","31","200"
"1680303549752","get","47","200"
"1680303549799","get","35","200"
"1680303549834","get","36","200"
"1680303549870","get","39","200"
"1680303550722","get","50","200"
"1680303550772","get","45","200"
"1680303550817","get","52","200"
"1680303550869","get","43","200"
"1680303550912","get","39","200"
"1680303551725","get","41","200"
"1680303551766","get","46","200"
"1680303551812","get","28","200"
"1680303551840","get","35","200"
"1680303551875","get","38","200"
"1680303552731","get","43","200"
"1680303552774","get","38","200"
"1680303552812","get","42","200"
"1680303552854","get","34","200"
"1680303552888","get","57","200"
"1680303553731","get","125","200"
"1680303553856","get","69","200"
"1680303553925","get","40","200"
"1680303553965","get","47","200"
"1680303554012","get","37","200"
"1680303554734","get","40","200"
"1680303554774","get","40","200"
"1680303554814","get","36","200"
"1680303554850","get","39","200"
"1680303554889","get","33","200"
"1680303555736","get","35","200"
"1680303555771","get","43","200"
"1680303555815","get","440","200"
"1680303556255","get","48","200"
"1680303556303","get","53","200"
"1680303556736","get","46","200"
"1680303556782","get","66","200"
"1680303556848","get","60","200"
"1680303556908","get","40","200"
"1680303556948","get","37","200"
"1680303557739","get","41","200"
"1680303557780","get","36","200"
"1680303557816","get","36","200"
"1680303557852","get","34","200"
"1680303557886","get","28","200"
"1680303558744","get","29","200"
"1680303558773","get","38","200"
"1680303558811","get","32","200"
"1680303558843","get","31","200"
"1680303558874","get","38","200"
"1680303559749","get","24","200"
"1680303559773","get","27","200"
"1680303559800","get","21","200"
"1680303559821","get","30","200"
"1680303559851","get","23","200"
"1680303560754","get","29","200"
"1680303560783","get","26","200"
"1680303560809","get","24","200"
"1680303560833","get","27","200"
"1680303560860","get","22","200"
"1680303561755","get","24","200"
"1680303561779","get","27","200"
"1680303561806","get","22","200"
"1680303561828","get","23","200"
"1680303561851","get","26","200"
"1680303562757","get","25","200"
"1680303562782","get","38","200"
"1680303562820","get","23","200"
"1680303562843","get","36","200"
"1680303562879","get","23","200"
"1680303563762","get","28","200"
"1680303563790","get","23","200"
"1680303563813","get","25","200"
"1680303563838","get","21","200"
"1680303563859","get","28","200"
